state={
	id=1103
	name="STATE_1103"
	provinces={
		5 2506 2729 2752 2775 2799 2824 2918 2966 2993 5929 5989 6624 6816 7018 7242 7468 7695 7923 8450
		8621 11748 13004 13414 13415 13416 13417 13418 13419 13420 13421 13422 13423 13424 13425 13426 13427 13428 13429 13430
		13431 13432 13433 13434 13435 13436 13437 13438 13439 13440 13441 13442 13443 13444 13445 13446 13447 13448 13449 13450
		13451 13452 13453 13454 13455 13456 13457 13458 13459 13460 13461 13462 13463 13464 13465 13466 13467 13468 13469 13470
		13471 13472 13473 13474 13475 13476 13477 13478 13479 13480 13481 13482 13483 13484 13485 13486 13487 13488 13489 13490
		13491 13492 13493 13494 13495
	}
	history = {
		owner = ITA

		buildings = {
			infrastructure = 4 #was: 7
			industrial_complex = 2
			air_base = 2
		}
		add_core_of = ITA
		add_core_of = PAP
	}
	manpower=11237859
	state_category = town
	buildings_max_level_factor=1
	local_supplies=0
}
